     0,   0, 0.00, 0.00
    15,   0, 0.00, 0.00
    31,   0, 0.00, 0.00
    46,   0, 0.99, 0.00
    61,   0, 4.28, 8.63
    78,   0, 15.26, 13.33
    95,   0, 20.29, 22.97
   110,   0, 26.06, 27.34
   126,   0, 30.73, 28.20
   143,   0, 30.96, 22.42
   158,   0, 23.75, 17.21
   173, 360, 15.69, 12.48
   189, 360, 17.53, 11.24
   205, 360, 13.75, 9.88
   220, 360, 7.49, 14.25
   235, 360, 11.52, 18.06
   252, 360, 23.89, 15.94
   268, 360, 18.48, 25.42
   283, 360, 23.73, 23.73
   298, 360, 29.28, 29.25
   314, 360, 28.27, 26.05
   330, 360, 29.30, 29.35
   345, 360, 28.73, 31.97
   362, 360, 32.36, 32.97
   379, 360, 32.17, 38.93
   394, 360, 40.02, 37.90
   409, 360, 43.66, 34.25
   426, 360, 44.30, 36.57
   442, 360, 43.20, 42.33
   457, 360, 41.34, 43.88
   476, 360, 40.76, 43.54
   492, 360, 36.41, 45.88
   507, 360, 42.48, 45.85
   524, 360, 46.46, 46.47
   538, 360, 43.56, 45.27
   554, 360, 44.36, 46.92
   571, 360, 46.20, 48.41
   587, 360, 47.48, 48.79
   601, 360, 47.72, 49.96
   617, 360, 46.88, 47.63
   633, 360, 47.70, 47.59
   650, 360, 45.53, 49.33
   667, 360, 49.49, 50.55
   682, 360, 49.21, 51.40
   700, 360, 49.73, 49.57
   715, 360, 50.45, 48.79
   730,   0, 52.85, 52.48
   745,   0, 49.01, 51.60
   762,   0, 45.83, 48.38
   777,   0, 49.37, 48.69
   793,   0, 51.81, 51.06
   809,   0, 48.56, 50.67
   825,   0, 47.48, 49.08
   841,   0, 50.10, 47.30
   856,   0, 48.78, 48.41
   873,   0, 47.93, 50.61
   889,   0, 45.98, 50.23
   905,   0, 45.97, 44.81
   922,   0, 45.20, 44.52
   937,   0, 47.99, 47.49
   954,   0, 47.39, 51.08
   971,   0, 47.74, 48.13
   986,   0, 47.19, 45.54
  1001,   0, 46.52, 45.38
  1020,   0, 45.02, 47.74
  1036,   0, 46.11, 44.09
  1051,   0, 44.64, 41.97
  1068,   0, 45.66, 45.10
  1085,   0, 46.17, 48.34
  1101,   0, 47.64, 50.89
  1115,   0, 48.43, 44.62
  1133,   0, 46.84, 46.00
  1147,   0, 45.50, 45.08
  1162,   0, 44.09, 45.97
  1177,   0, 44.37, 46.38
  1195,   0, 48.01, 44.22
  1210,   0, 46.61, 47.09
  1226,   0, 47.93, 46.00
  1241,   0, 48.37, 48.33
  1259,   0, 46.86, 47.97
  1274,   0, 46.25, 47.47
  1291,   0, 46.68, 44.78
  1308,   0, 47.48, 46.44
  1323,   0, 48.20, 50.05
  1338,   0, 50.54, 50.26
  1356,   0, 48.52, 46.94
  1372,   0, 48.76, 47.73
  1389,   0, 47.87, 48.65
  1404,   0, 46.79, 47.97
  1421,   0, 49.84, 48.98
  1438, 360, 50.14, 48.38
  1452, 360, 48.88, 50.28
  1469, 360, 48.56, 47.26
  1485, 360, 46.96, 47.34
  1501, 360, 47.59, 48.34
  1517, 360, 45.62, 48.75
  1536, 360, 48.94, 48.04
  1550, 360, 45.86, 47.42
  1566, 360, 45.05, 47.54
  1583, 360, 46.48, 46.67
  1598, 360, 48.21, 46.98
  1613, 360, 46.00, 49.23
  1629,   0, 47.20, 47.46
  1645,   0, 46.11, 47.84
  1663,   0, 46.39, 47.28
  1679,   0, 45.33, 45.78
  1696,   0, 46.88, 45.56
  1711,   0, 46.50, 47.28
  1728,   0, 48.95, 47.42
  1745,   0, 46.84, 48.47
  1761,   0, 46.05, 47.40
  1776,   0, 45.65, 46.00
  1794,   0, 46.96, 46.12
  1810, 360, 47.19, 47.91
  1825, 360, 46.44, 46.57
  1841, 360, 49.94, 46.99
  1859, 360, 47.64, 48.84
  1873,   0, 46.86, 47.12
  1890,   0, 47.42, 46.03
  1907,   0, 46.92, 44.34
  1922,   0, 47.06, 47.36
  1939, 360, 48.20, 48.67
  1954, 360, 48.06, 48.36
  1971, 360, 48.95, 46.64
  1987, 360, 46.95, 44.42
  2003, 360, 47.72, 49.06
  2021, 360, 46.71, 48.15
  2038, 360, 47.36, 44.42
  2055, 360, 49.09, 45.60
  2073, 360, 47.53, 49.64
  2089, 360, 47.43, 48.64
  2105, 360, 48.45, 47.35
  2123, 360, 49.12, 46.62
  2138, 360, 47.48, 47.64
  2154, 360, 47.30, 49.71
  2169, 360, 48.20, 48.10
  2186, 359, 50.77, 48.25
  2203, 359, 47.89, 48.06
  2219, 359, 46.44, 45.30
  2235, 359, 48.03, 49.40
  2252, 359, 45.40, 49.59
  2266, 359, 47.30, 49.02
  2281, 359, 47.28, 44.85
  2297, 359, 47.90, 48.29
  2314, 360, 47.16, 50.77
  2331, 360, 44.20, 48.99
  2348, 360, 47.35, 45.99
  2363, 360, 46.57, 45.02
  2379, 360, 44.97, 47.88
  2395, 360, 46.72, 50.24
  2413, 360, 47.99, 47.25
  2428, 360, 46.86, 45.71
  2444, 360, 47.91, 47.82
  2462, 360, 46.21, 48.02
  2477, 360, 47.41, 48.64
  2495, 360, 47.03, 44.97
  2509,   0, 47.25, 47.25
  2526,   0, 48.21, 48.04
  2542,   0, 47.33, 48.58
  2558,   0, 46.24, 47.30
  2576,   0, 46.98, 47.40
  2592,   0, 46.07, 45.05
  2609,   0, 47.97, 46.96
  2626,   0, 45.96, 47.18
  2643,   0, 46.84, 47.50
  2660,   0, 46.86, 47.74
  2675,   0, 47.37, 45.59
  2694,   0, 48.16, 46.23
  2710,   0, 47.93, 48.10
  2727,   0, 46.40, 46.73
  2744,   0, 44.96, 45.96
  2760,   0, 45.42, 47.20
  2775,   0, 49.48, 48.33
  2794,   0, 48.37, 47.13
  2810, 360, 47.41, 47.90
  2826, 360, 48.50, 48.86
  2843, 360, 49.65, 47.53
  2860, 360, 46.79, 48.76
  2877, 360, 45.50, 47.42
  2894, 360, 45.69, 46.57
  2910, 360, 47.93, 43.69
  2926, 360, 49.77, 46.58
  2941, 360, 49.78, 49.70
  2957, 360, 47.41, 48.92
  2976, 360, 47.28, 43.91
  2991, 359, 46.18, 44.64
  3008, 359, 48.55, 47.73
  3027, 359, 46.54, 46.67
  3043, 359, 47.82, 45.77
  3060, 359, 48.79, 46.98
  3078, 359, 45.11, 48.34
  3094, 359, 47.46, 48.35
  3109, 359, 46.79, 45.94
  3128, 359, 47.28, 45.64
  3145, 359, 44.58, 46.99
  3162, 359, 48.21, 47.62
  3178, 359, 48.52, 48.11
  3195, 359, 48.16, 47.82
  3210, 359, 46.78, 45.79
  3228, 359, 47.43, 46.12
  3245, 359, 46.21, 47.96
End Time: 3263.00
